%Ejercicio 1a

C=[2 1 0 1; 0 1 -1 2; 1 -1 -1 2]
E1=eye(3)
E1([1 3],:)=E1([3 1],:)
C=E1*C

%Ejercicio 1b

B=[1 0 -2 4; 0 1 0 1/5; 0 0 1 9/5]
E1=eye(3)
E1([3],:)=(1/5)*E1([3],:)
B=E1*B

%Ejercicio 1c

H=[1 0 -2 4; 0 1 0 1/5; 0 0 1 -9/5]
E1=eye(3)
E1([1],:)=E1([1],:)+(2)*E1([3],:)
H=E1*H
